4,3
4,2
4,1
4,0
3,6
3,5
3,4
3,3
3,2
3,1
3,0
2,2
1,2
0,412
0,402
0,399
0,397
0,394
0,383
0,380
0,376
0,371
0,365
0,351
0,243
124,1
124,3
124,0
119,1
119,3
119,0
121,1
121,3
121,0
128,1
128,3
128,0
126,1
126,3
126,0
123,1
123,3
123,0
129,1
129,3
129,0
127,1
127,3
127,0
125,1
125,3
125,0
122,1
122,3
0,422
0,416
122,0
1,1
1,3
1,0
2,1
2,9
2,3
2,0
0,9
0,310
0,305
0,308
0,304
0,303
0,302
0,307
0,12
0,413
0,10
0,8
0,0
0,386
0,300
0,352
0,299
0,409
0,298
0,323
0,297
0,330
0,296
0,375
0,295
0,430
0,294
0,429
0,293
0,369
0,292
0,415
0,291
0,406
0,290
0,374
0,289
0,393
0,288
0,388
0,287
0,346
0,286
0,385
0,285
0,391
0,284
0,392
0,283
0,282
0,362
0,281
0,395
0,280
0,360
0,279
0,405
0,278
0,301
0,277
0,314
0,276
0,363
0,275
0,337
0,274
0,331
0,273
0,313
0,272
0,444
0,271
0,345
0,270
0,384
0,269
0,435
0,268
0,379
0,267
0,364
0,266
0,265
0,320
0,264
0,401
0,263
0,419
0,262
0,328
0,261
0,324
0,260
0,359
0,259
0,445
0,258
0,368
0,257
0,433
0,256
0,381
0,255
0,411
0,254
0,389
0,253
0,423
0,252
0,321
0,251
0,426
0,250
0,318
0,249
0,248
0,398
0,247
0,367
0,246
0,407
0,245
0,316
0,244
0,349
0,242
0,439
0,241
0,240
0,311
0,239
0,347
0,238
0,237
0,344
0,236
0,361
0,235
0,373
0,234
0,358
0,233
0,377
0,232
0,414
0,231
0,357
0,230
0,400
0,229
0,341
0,228
0,366
0,227
0,382
0,226
0,309
0,225
0,325
0,224
0,418
0,223
0,356
0,222
0,434
0,221
0,396
0,220
0,372
0,219
0,218
0,306
0,217
0,425
0,216
0,387
0,215
0,329
0,214
0,355
0,213
0,333
0,212
0,370
0,211
0,210
